2201.1168375 0.0904085829224801
2194.1547855 0.4371830968415856
2192.9559939 0.18887926680294057
2190.2439474000003 0.16052339177038522
2188.9889934000003 0.1631578116395176
2188.2148773 0.2048193463919716
2186.815026 0.2024883219105167
2185.9858047000002 0.12527772291507536
2178.0572667 0.053915938874977976
2176.5194979000003 0.16508930865758875
2175.0564591 0.07534874627802296
2169.3486015 0.16450111825488625
2162.0164845 0.05005200627059653
2144.9543037 0.17407836951775527
2143.2147429 0.26108636807906543
2138.0821836 0.05228770059111297
2136.3773712 0.17160759510214962
2135.1886524 0.08277484022519505
1274.1847641000002 0.14500682650326813
1267.025904 0.47033333995238363
1259.8853583 0.48893318915770395
1252.745685 0.1777826123645018
1183.9893948 0.07312359227151463
1176.8483364 0.23618531717769006
1169.7229719 0.24244703997848394
1162.6066481999999 0.08268025021991982
779.0854431 0.0863382657785397
769.9779243 0.07522786422712406
765.9522864 0.05204693279661436
759.4749957 0.051696568581503684
593.1150687 0.07075575327755643
588.9395373 0.06912499279897814
587.793249 0.08908078962203221
584.6958426 0.08199368463138612
583.6360218 0.07776279587224806
580.5270641999999 0.08524732389834462
579.4271877 0.08238655546176074
575.2537065 0.08302527035594952
502.0255386 0.0837101960560819
497.4996132 0.09880711307822802
496.6766541 0.06692898443406924
492.82791330000003 0.0908897872878447
492.2000574 0.07092897897428765
488.3361324 0.09350919018668583
487.5073206 0.06316796271971391
483.0385749 0.07712821854825043
412.961445 0.11444313415919259
408.3375681 0.11190250894352421
406.2714702 0.14273217034002453
404.51981609999996 0.08176691998931301
402.4931088 0.5391893521058574
400.0131933 0.09464112584585244
397.91619149999997 0.08369869716710071
395.39509860000004 1.0
393.6231903 0.11724325942752356
388.2509007 0.49893849094217557
309.56446350000004 0.23835003979750716
302.457057 0.48760799695703194
295.32402594 0.23129459610826394
46.42844166 0.14802088508556516
42.22023171 0.09076738213551616
