4439.3572775 0.0007101055666622594
4438.157351 0.0010589973744907558
4430.385833 0.0013993262599378267
4419.421909000001 0.00015018648873141736
4408.6772925000005 0.0001959689252964042
4401.964579500001 9.885252830701349e-05
4399.204342 0.00024090533361094795
4392.729909 0.00022273382628425862
4389.1959785 0.00017397689441845906
4384.321847499999 0.00011199300070468735
4378.1854605 0.00037032700010909366
4370.547376500001 0.00023755251998648562
4368.646943 0.0005495028374206188
4361.8994065 0.1418355826252157
4360.6514365 0.2078516248585714
4353.4154675 0.17875603563595122
4352.3123275 0.15166326666962876
4341.3393905 0.00048651572275890137
4333.223147 0.0007102562128759145
4331.005784 0.00022289736515524806
4323.89894 0.00011504515112777
4318.446907500001 0.00013811756928937117
4309.494713 0.00011466778715577661
4300.608019 0.00016216946508380923
4295.673939 7.141066997374023e-05
4292.3739815 0.0008899744886758807
4289.205647 0.0006195417831790015
4285.697125000001 0.0005914501955745832
4282.4182009999995 0.0016545777342104088
4281.326194 0.0008631495284023332
4273.837888 0.0012872129013039974
4236.056898 5.322171186889681e-05
4212.6450725 0.0002991633815912619
4210.986700500001 0.00016890560856619747
4209.050668 0.00013936091611899115
4205.686636 0.0002445813255384212
4203.0692285000005 0.0003065033546996616
4192.9939735 9.04171518819799e-05
4191.4246585 4.070540569748762e-05
4185.6490945 0.0001257501319052939
4183.2329945 9.060855120826382e-05
4105.425848000001 0.000244986540929531
4101.7408665 5.501716501407072e-05
4098.4224835 0.00027238177528470366
4094.4516464999997 0.001068280516863661
4091.222075 0.0012031957162611621
4089.0721809999995 0.000657837117211573
4087.8944844999996 0.0007215007639630441
4085.2965815 0.0012394433420403952
4081.4788980000003 0.00011670101437845714
4038.746767 0.0007597707169363327
4037.3840364999996 0.001053760909297333
4030.8089835 0.0011123870152482608
4029.3637034999997 0.0010592384604789706
4015.6655985 0.00021650031586578853
4007.2527224999994 0.00024085819605989967
4003.2915310000003 4.933211854892869e-05
4001.2170085000002 0.00014260105720996646
3999.3734435 0.0001323185848219603
3997.085927 0.00026485060018197586
3991.306905 0.00027507091360968235
3989.5344554999997 0.0001885686942578383
3987.5003625 0.00015250594295233968
3985.4086855 0.00013572439616087715
3983.597627 0.00016034951995850448
3981.6548085 0.00011723468519961346
3977.5764235 9.03901282070639e-05
3975.7647335 0.000237560366922754
3968.4691905 0.0008019244025866094
3967.2721805 0.00033119842873806745
3960.3984360000004 0.19090995373559866
3958.739607 0.17332946647003972
3952.5962805 0.20682909223508417
3951.1325985000003 0.20365072046340035
3946.685366 0.0006790931172852416
3944.492236 8.266788420432913e-05
3941.6628275000003 0.0016375072345238128
3939.2222115 0.0010294920440138474
3938.124938 0.0007964924626496287
3935.97214 0.0013081968684988082
3932.8961625 0.0014893654286676893
3930.829102 0.000687884647399703
3929.0490525 0.0011262968314817512
3925.2177330000004 0.0007856227905350409
3923.7090645000003 0.0006664728913808453
3921.028355 0.00045563328581103797
3919.4668739999997 0.000645422250064622
3918.2021935 0.0007255986702144287
3916.9414735 0.0013587355670570166
3914.037961 0.0007303778969727239
3911.4528595 0.00031194902230750454
3909.749244 0.00033866591670629105
3908.1978099999997 0.0033632247529441456
3903.5256795 0.00016222701248868286
3900.706923 0.0021333052089105796
3897.4484684999998 0.0014430874629891934
3895.2207510000003 0.0009162183858478683
3891.5533765 0.00023340288838014512
3889.2401235 0.0022142981297816433
3888.087481 0.0025206083041192746
3880.7289015 1.0
3875.505538 0.0019208192172487928
3871.568443 0.0038001588429358328
3868.8158645000003 0.0011419202672630086
3867.1680135 0.0007301689406553325
3865.2269045000003 0.0006151377188465436
3864.1477590000004 0.00016844645191200542
3862.4339600000003 0.0011181895172372922
3861.2483525000002 0.0016403208552884096
3859.073949 0.0010002664920358113
3856.9618975000003 0.0008905052139553923
3855.650799 0.0011363176889469964
3854.4704225 0.00049574132007432
3852.7803910000002 0.0005174131219012848
3848.892565 0.0029304261682864723
3846.679328 0.0016659555174330476
3846.5563325000003 0.10831835087682444
3845.149039 0.10946761958293362
3839.663191 0.1712332092550229
3838.28348 0.24215967363269342
3836.9136875 0.09882741081133792
3831.406207 0.1821215276492683
3829.853263 0.17848122105296796
3826.0543239999997 0.0011435175964995244
3819.4525344999997 0.005523827804509791
3816.777493 0.16362575843542096
3815.455935 0.1867199868767636
3809.905315 0.04494560777484029
3808.677074 0.25395457751201633
3807.487189 0.0897538180894497
3801.918852 0.10113447489243793
3800.633115 0.09472633578937334
3798.100874 0.0003936073759137242
3796.7488405 0.000813063088285024
3795.4050245 0.0016902756844817115
3790.3457315 7.052986432609482e-05
3788.89259 0.0004976411267899915
3785.1507385 0.002153273488487757
3781.53932 0.00012300483350642373
3779.9735205 0.0005335814649658916
3778.5536469999997 0.00113783712102797
3777.5365380000003 0.0019068030918947144
3776.4914375 0.000994755908575172
3773.3678875 0.00021371665424670496
3772.112413 0.00012886977518305218
3767.5740025 0.00022579855953482677
3766.233163 0.0002618376817142377
3765.13554 0.000874094580920185
3763.746296 0.0007443522943670519
3759.949079 0.00040132014487797186
3758.2450820000004 0.0010124350349877446
3756.8567125 0.0015006845262046653
3755.4829165 0.0007574179306523668
3752.3843939999997 0.00022456982089861675
3749.818375 0.0009035351300773395
3748.4037064999998 0.000503291868187541
3746.470771 0.0004557101463301741
3745.0552775 0.0002508924277754333
3742.5130809999996 0.003560615166253481
3739.449087 0.0016435728831435108
3738.180425 0.003499352357555935
3736.4381005 0.0024336617897992084
3735.097616 0.0014958752927725796
3733.291573 0.0032938673687415584
3729.3111875 0.0007606541777563698
3728.066534 0.00152475049016729
3727.0144015 0.00039117296441974265
3723.645669 8.857041769425963e-05
3721.2719865 0.0005723314714619067
3720.0894845 0.0007435635650013448
3718.0785085 0.00010899126162987257
3714.9561495 6.41816163550407e-05
3711.3986625000002 0.0004233997928354204
3710.144631 0.000354065312567769
3703.788716 0.001145704724651095
3702.6735479999998 0.0010905234223085427
3696.3388285 0.0015736286597527985
3695.276238 0.0017947867717171032
3688.7250685000004 0.0011727392126919542
3687.5732435 0.0007430091245501278
3685.384048 8.423449303519044e-05
3683.2444695 0.00016456943488217613
3680.6788094999997 0.00010310050654565331
3675.5876705 9.789502832513823e-05
3671.3658385 0.00021658036062806657
3666.858202 0.0017091265681992674
3665.6269140000004 0.00189185234959438
3663.3252565 8.37394405169727e-05
3661.98801 0.0004293902246117256
3659.4781485 0.0024639473531103636
3658.1687115 0.0026408016529075873
3655.190273 0.000356210123893571
3652.0570695 0.0016266813621273449
3650.7546620000003 0.0011350107809593101
3649.754631 0.00029053428788358357
3647.9716215 0.0004053707136717988
3646.1729975 0.000357167433005115
3645.0980275 0.00024845302089038343
3640.7672385 0.0019207524219719203
3635.04536 0.6430002883038047
3628.7472085 0.000579040127445892
3625.3731505 0.0006503659493986531
3622.92987 0.0004963236702002371
3621.073032 0.000371479817281947
3619.36883 0.0004864994036232268
3616.636956 0.0007404193576811976
3615.230364 0.00064218484087783
3613.392914 0.0006573149543418037
3611.245044 0.0003161484702121182
3610.1945355 0.0002740569850178862
3608.8956355 0.00012187722441819312
3606.2389075 0.00028488741210243616
3605.1188925 0.0002450227676236852
3601.4015475 0.00010433006411705212
3599.9310445 0.0002466566926998982
3595.3015375 7.874538907464549e-05
3593.516307 0.00014431276734768047
3590.6531755 6.295594918643176e-05
3587.833072 0.00011808659653203737
3585.3344245 6.60223510505755e-05
3583.2536235000002 0.0002507462540660728
3577.8396190000003 0.0001035754436985363
3574.7700400000003 7.964583064013265e-05
3563.1773775 7.172515534724112e-05
3539.6059505 4.2398127215646725e-05
3529.1684299999997 0.0034223934021325063
3047.611125 4.312930450694695e-05
2958.850886 0.00014412898804358435
2952.9658985 0.00012903551239462624
2708.8725665 0.00022294179182763365
2689.220772 0.001493861921743512
2654.8612845 6.4542846988306e-05
2329.7757705 0.00013309270586805397
1982.9658015 0.00020697502297726552
1979.6554535 7.617400128710159e-05
1960.5632525 0.004296974241249423
1919.4279285 0.00011158949658397143
1878.5147929999998 0.0003730895808547876
1871.5585255 0.0011281466782289663
1864.4902075 0.0011444546294875825
1857.5363149999998 0.0003895720176831109
1751.9209215 0.0003420978972712408
1659.420533 0.00015853704770198482
1400.978085 6.0977733938212975e-05
1235.6975825 0.0002577827316360813
1221.684834 4.824368381671753e-05
1191.198959 8.990174436302343e-05
1183.7699065 0.0001375102654043349
1176.0303784999999 0.00015261668469688342
1165.8543855 7.607569991141473e-05
1161.2258140000001 8.256297627187904e-05
1139.4518090000001 5.650278962302302e-05
1120.2237295 4.749700369989668e-05
1091.5971385 0.0008058186295981156
1056.9191799999999 0.00013320245600563743
1040.720006 0.0006527575465722578
1034.672697 0.0006353535152427997
1025.2507719999999 0.00019154676344280115
776.966433 0.11242206850130174
755.000833 0.00041107218639423464
722.7861455 0.00023775171617144774
562.4454975 0.0001603229839343157
512.1807595 7.030574356028673e-05
454.51384655 0.0002379124078891225
448.03763635 0.0004860848507807995
441.1892178 0.00019600474960298624
422.18180885 0.0005487557857856275
412.5646422 0.0002670905215729209
406.08764555 0.00018824115276809477
101.7719516 0.0001613907871789317
-16.211242905 0.00016321381762899334
