8.878714555	28133.33146	1.418860893	218147.3258
8.876314702	41955.90846	2.037506999	446484.3254
8.860771666	55439.23515	2.706164764	673018.9369
8.838843818	5950.166379	10.50548069	357700.908
8.817354585	7763.998749	6.438113075	215073.3143
8.803929159	3916.390851	2.297559871	54132.27916
8.798408684	9544.312732	6.030619492	295030.374
8.785459818	8824.384509	3.909653	175827.0139
8.778391957	6892.707038	2.387684365	99007.97629
8.768643695	4436.996917	1.953105134	43562.58452
8.756370921	14671.80759	3.086792189	232686.9267
8.741094753	9411.479219	1.187145563	46701.94418
8.737293886	21770.48905	3.466658003	414934.483
8.723798813	5619315.84	1.374859408	42922147.11
8.721302873	8234773.717	1.657889509	77319621.91
8.706830935	7082049.539	1.865542056	65332083.88
8.704624655	6008674.135	1.486690681	49340564.91
8.682678781	19275.0328	3.449406713	379639.5106
8.666446294	28139.29984	3.40480699	540415.5906
8.662011568	8830.863677	2.042271829	116775.5516
8.64779788	4557.918599	1.698185934	48172.50051
8.636893815	5472.013655	3.274523959	99570.70619
8.618989426	4542.967997	3.417938703	79884.69112
8.601216038	6424.914165	4.679010825	171653.7339
8.591347878	2829.185043	2.851814869	33725.29691
8.584747963	35259.47191	0.9251589201	190812.7006
8.578411294	24545.32841	0.8916235074	124963.2271
8.57139425	23432.38129	1.064736653	141261.2424
8.564836402	65551.92074	1.295154053	510752.2619
8.562652388	34196.70669	1.865923375	367844.9407
8.547675776	50997.46983	2.413461204	627458.3369
8.472113796	2108.565446	84.58386934	1072946.535
8.425290145	11852.41036	1.420844537	94720.54462
8.421973401	6691.790199	0.9896571296	34774.83756
8.418101336	5521.273216	0.9937393261	28327.72365
8.411373272	9689.950091	1.347476692	74554.63989
8.406138457	12143.20923	1.488713575	92782.32273
8.385987947	3582.193723	2.54570931	53724.71684
8.382849317	1612.687922	0.4986916868	3361.673736
8.371298189	4982.034092	1.847749268	55017.84999
8.366465989	3589.776681	1.161309317	22664.06797
8.210851696	9706.004125	2.38708695	150018.1862
8.203481733	2179.698642	0.5130957231	4674.852875
8.196844967	10791.36276	2.051884431	129820.9474
8.188903293	42323.69282	1.629143424	420822.8286
8.18244415	47668.83332	0.9544379941	250802.1622
8.178144362	26062.53286	0.9698017965	140454.561
8.175788969	28584.79231	1.049205407	166660.1636
8.170593163	49104.9106	1.32537672	358104.3374
8.162957796	4623.52145	1.788139343	37717.45901
8.077493534	30100.9912	1.049334535	151057.0434
8.074768073	41748.44746	2.103232726	495972.2219
8.061617967	44071.127	1.286691627	315111.9505
8.058727407	41965.45993	1.511023901	313563.7343
8.031331197	8577.422053	5.16916644	273519.0752
8.014505445	9542.445212	4.934196221	261832.5543
8.006583062	1954.465516	0.5779174969	7313.563823
8.002434017	5649.64281	1.737646111	53096.68207
7.998746887	5242.266474	1.501985881	44959.01816
7.994171854	10492.98875	3.53654781	207063.3651
7.98261381	10897.90244	2.642781897	177670.1881
7.979068911	7470.812549	1.667318541	60477.543
7.975000725	6042.059722	1.458432592	46271.05596
7.970817371	5377.199678	1.502389011	47387.58326
7.967195254	6352.810633	1.481298864	47973.84661
7.963309617	4644.664698	0.4617657503	12141.12993
7.955152847	3581.123085	1.679499923	26146.73256
7.951529467	9411.790103	2.313234368	116081.2977
7.936938381	31771.05783	1.936983047	304926.9673
7.934544361	13121.59151	0.902587395	54941.00248
7.920796872	7563569.784	1.532295536	65283011.63
7.917479214	6867056.901	1.481789436	58660908.21
7.905192561	8194262.488	1.373541079	57301759.72
7.902265197	8068340.103	1.369712867	57810021.02
7.893370732	26904.66412	1.457547826	253913.3813
7.888984472	3275.179208	1.271263637	17403.78831
7.883325655	64875.61281	2.006859835	734212.0809
7.878444423	40786.95094	0.8664412197	204587.1617
7.876249876	31555.85241	1.041547758	197725.441
7.87194428	51828.82355	1.257459585	372132.2094
7.865792325	59006.45374	1.546241631	507006.0235
7.861658204	27252.97153	2.288280425	351316.1535
7.858098105	44622.21333	2.045442083	533458.2823
7.850435466	31125.21209	2.400944424	441423.9345
7.847418129	26404.66945	0.7542586434	116785.3807
7.84205671	18051.51636	1.709552321	182655.6006
7.838933748	25570.6742	2.68345832	381305.6807
7.836404387	28747.14529	0.8545356476	138760.4573
7.833882947	53831.09198	0.983385708	293943.351
7.828075922	28936.49118	6.51994957	1120240.053
7.822905719	12358.95852	1.041547758	83348.20734
7.819498488	13417.44233	0.5152402363	32664.34369
7.81639562	133245.9865	2.236832683	1594832.046
7.807051359	6427.194108	0.6228597705	16733.42328
7.801413846	84518.39468	1.906328984	750818.6858
7.794896937	57172.98924	2.946000044	910195.9906
7.790441502	36299.21627	1.623292094	345469.338
7.783106753	9247.076957	0.7245081836	38254.24564
7.778480247	87727.21432	1.175811865	510075.7583
7.776174962	99862.77003	1.041547758	546161.186
7.761457803	39618519.81	0.9657884554	225401415
7.751011076	76100.01421	0.8873492175	375519.5391
7.743136886	150556.6684	1.852769457	1480275.918
7.737631729	45241.19073	1.540619326	397979.996
7.734336027	28928.21264	1.802191872	296217.6435
7.730453809	24370.8459	1.361678412	184408.6967
7.728295518	6673.599092	0.3090577792	11461.35687
7.72486792	44301.01354	1.003870742	239191.5022
7.722496705	64987.0843	2.63134242	955209.6608
7.718147898	39629.07783	2.148310039	473093.7022
7.713923795	35280.49846	1.13094044	203409.1049
7.711301598	45019.22487	1.516604187	403019.7957
7.708940845	19640.53731	1.065856533	118048.4681
7.705560782	20499.14202	1.48674205	171700.1197
7.69778513	116099.1472	5.36458971	2864394.172
7.693358656	66002.69167	15.88722503	4383114.27
7.693112665	4291412.73	0.9432662929	21750809.08
7.690298078	4336945.055	0.8166030647	19623355.61
7.679326382	6784006.293	0.8327546878	32425174.5
7.67656696	9594007.827	0.9207126161	50493511.75
7.673827375	3915395.733	0.8374731184	17719758.9
7.662812414	7215385.351	0.9122155991	38688153.65
7.659706526	7071161.792	0.7366862593	29544164.44
7.652108648	45304.47455	0.4972299045	111393.7552
7.638905069	218845.8813	3.387813108	3439367.82
7.633554986	6482610.352	0.9851181312	33214287.48
7.63091187	7397569.499	0.880027636	38996868.29
7.61981063	1780678.452	0.521816173	5021278.482
7.617354148	10061304.46	1.778215856	99734703.03
7.614974378	3555913.42	0.4562717698	7765349.755
7.603837704	4006798.197	0.9484767348	21616757.92
7.60126623	3752917.211	0.8762228669	17939610.7
7.596201748	15594.14162	0.3486690682	28794.86325
7.593497681	32212.35607	1.041547758	191572.671
7.590810049	66966.22069	1.56162664	501125.0641
7.580691463	2794.288827	0.8857475354	13753.63483
7.57778518	19715.80484	3.134066387	267736.8011
7.570301477	85309.50836	3.602061902	1634894.555
7.56307864	4873.269433	0.8137200416	23249.36105
7.559947041	21139.70784	1.845029722	222707.182
7.557107294	45079.42252	1.031209458	279658.9224
7.555073076	75544.71607	1.515203846	671105.4153
7.552982875	39410.75667	1.461028008	364018.3651
7.546735775	8467.1375	1.041547758	50155.45739
7.544224826	5105.629741	0.8362973089	24380.45974
7.535148005	8945.804704	1.215045056	63727.57336
7.532466326	10373.62138	1.657373004	96045.71408
7.53027108	34630.33347	1.126654486	222781.5897
7.527492592	29490.13612	0.8332434976	130444.5526
7.519898158	15899.71011	1.653452138	157227.0216
7.516490164	40111.17749	1.094791107	230586.9411
7.513713425	59454.89963	1.060011779	361912.3813
7.510965833	30007.77729	1.064711889	187738.6254
7.504768788	8897.123898	1.017630825	54468.23973
7.49963675	35796.72445	2.291187	457481.5311
7.496807413	19939.67885	0.8047012886	81799.15141
7.492941542	18054.56146	1.084694643	105084.9913
7.490110555	9939.98662	1.507203766	80053.21748
7.485026162	141066.3025	1.012014328	857469.8532
7.478898174	65115.92483	0.9149341304	355751.0556
7.47636085	138639.1607	1.497270449	1185272.065
7.472876201	96418.07783	0.693495189	329644.4259
7.470195232	59264.36492	2.288280425	811127.4397
7.466583146	130498.1496	0.7242075596	525174.5233
7.458622375	30135.99261	0.8658191823	148985.6977
7.456133068	60408.3575	1.58984949	556674.0337
7.454028803	15497.69384	0.6995712474	61261.68301
7.447291338	3509.028848	1.475031126	30346.15763
7.442543973	22674.92574	0.9418170175	102335.3155
7.440178969	29458.88783	1.0650837	178681.4646
7.436157017	4318.072458	1.25294227	26283.29139
7.429912299	2542.780639	1.013187876	14722.10662
7.422797325	16774.47308	1.354012086	136639.0633
7.420289262	14027.5436	0.6462634727	51096.55799
7.407577432	45391.12533	1.476824421	393020.6785
7.405347096	43204.92381	1.364548318	357816.8876
7.392677657	62344.83823	1.518159874	574193.1387
7.390552476	71106.79527	1.597539926	641852.8326
7.377450137	46462.19173	2.009663531	522559.2726
7.375146487	29436.92172	1.206769317	205964.2407
7.370768096	3337.245931	0.6690507334	12711.32404
7.366488939	6519.997416	1.0750547	38950.60685
7.361357619	4084.689461	2.274787757	47737.54666
7.351175341	3878.456119	1.891213702	43004.61597
7.342731677	8580.593308	6.535557722	345947.5795
7.333716404	67713.0648	1.045915982	415226.3026
7.331253828	74952.38979	0.8959843462	383457.9812
7.326650513	3317.632683	0.7098431767	9843.82336
7.32397602	17011.80512	1.053421594	105067.4523
7.318956297	97617.94702	1.049858364	591323.5694
7.316337423	104624.6526	0.9836601564	571893.7522
7.310380546	14112.51785	0.9550531256	72765.74564
7.304114139	64446.70777	1.378207299	479753.0984
7.301509324	44967.44711	1.399278096	363881.8721
7.299509262	11510.53844	1.158276094	76127.15636
7.295943243	16060.18765	1.624795056	140422.8765
7.292345995	14150.44502	1.271004815	98610.77412
7.290196055	9843.34093	1.184881572	71777.97977
7.281534477	76097.36788	5.87152621	1867642.458
7.27009072	25474719.66	0.6769480785	98211513.03
7.257494417	22940.71276	1.927147781	272729.5838
7.250746301	25766.53625	3.235702966	485733.3261
7.24585974	19663.60916	2.854479923	329083.2761
7.242146064	14717.4805	1.420805003	116199.4813
7.23873766	19274.38626	0.8399645316	92442.86162
7.233273912	29334.31899	1.497664041	216911.3074
7.230460728	25442.41284	1.812831385	244966.4739
7.226785828	26041.84554	2.265848329	316634.625
7.222490088	12525.33443	1.020203181	69471.2128
7.220389071	10857.73209	1.028326859	67169.75264
7.217791271	4828.59523	0.6002657174	18323.74848
7.212477815	11286.81758	4.029668952	198847.948
7.210237785	9707.439373	0.5330775128	26380.98409
7.202803095	4133.402712	1.299002518	29015.4281
7.199862089	9772.173066	2.536768658	137755.2805
7.190603075	3119.775757	1.170539819	21142.07923
7.187032614	5717.458232	2.899008581	107321.7391
7.181306351	2494.22152	1.342861023	21687.09045
7.175666144	4678.416164	1.401433288	40207.96477
7.170668849	2615.707823	0.7540055705	9752.732048
7.166507247	9934.195434	2.921562056	170458.5117
7.155679238	4103.505768	3.244431068	76019.58154
7.14954008	3155.449919	0.9610279992	19635.07357
7.126354755	2841.644488	0.8742511069	11904.71657
7.079211901	1679.751043	0.646061071	6196.555836
7.05833686	135590.1608	0.6915002194	535367.9553
6.09522225	1708.719205	1.176555155	10652.95761
5.917701772	5710.177168	1.024309224	33397.39103
5.905931797	5112.196004	0.8740466355	24539.78355
5.417745133	8832.623796	3.792531363	191478.7136
5.378441544	59184.59814	1.058070617	337019.578
5.309722569	2557.092062	0.6260772884	8406.44449
4.659551541	5272.936004	3.123839461	74153.63134
3.965931603	8200.044048	0.6431833372	30114.99843
3.959310907	3017.901179	1.410376317	24954.88699
3.921126505	170239.7591	2.667881849	2245898.345
3.838855857	4421.010681	2.1419412	54410.37775
3.757029586	14781.25695	1.138635617	96363.72883
3.743117051	44695.50152	1.003369763	249207.476
3.728980415	45341.59841	1.099384976	278951.9259
3.71507263	15434.2667	1.009881137	88999.6166
3.503841843	13553.41232	0.973905698	77389.34009
3.318841066	6281.003165	3.043003845	107150.4133
2.80195617	2415.84756	0.5704577246	7755.230221
2.471395165	10212.97026	1.44887102	82710.84265
2.443369668	1911.343343	1.548479704	16386.30869
2.382397918	3561.77404	1.099894767	20571.00625
2.367539813	5447.953174	1.565848344	48492.67613
2.352060757	6046.447146	1.987471172	68617.19707
2.331708771	3014.006624	2.120359531	35362.07654
2.322451628	3271.022911	1.027497523	19705.15955
2.278903618	2238.55689	1.139460665	14564.62638
2.240447459	1881.760982	4.090005927	46287.69131
2.183194277	31925.34134	0.6308176615	112023.9536
2.11383836	5277.284142	0.8324817495	23745.80275
2.081440012	25861.28779	0.7075602392	104482.9539
2.069345394	25171.76583	0.6724237815	97023.43316
2.050501544	7588.799242	1.266783723	54891.79252
1.553932866	4453995.948	5.572697962	142466779.9
1.510001666	16286.07156	13.53170071	1426934.12
1.445572291	9419.371077	1.509116664	84153.25601
1.124890995	6351.759315	2.76320589	100216.4822
1.024361519	2785.409494	3.790105954	68355.83657
0.9090276931	9425.737445	3.392729514	183743.2263
0.8960752727	19257.96229	1.988231797	237857.8682
0.8823784356	7765.418055	1.769655819	74261.70552
0.8443636177	21740.89197	22.87383422	2624672.756
0.8251292844	10581.73112	4.121112263	224273.9388
0.8121752911	7457.83584	4.006651013	163460.7678
0.2035439032	6394.064099	1.649972477	61472.60134
-0.03242248581	6466.289867	1.355076975	51475.35038
