2266.59759 0.08170692718443791
2265.857403 0.08828866146155825
2262.4395081000002 0.6430620361858673
2262.2445504 0.5811196900762076
2258.7672702 0.9866366582346663
2256.4829990999997 0.6857589876969289
2256.1531341 0.6723974197196153
2252.8441224 0.8224668836943594
2252.6305881000003 0.7612215300356421
2249.0312919000003 0.14842009774731774
2248.6728459 0.13576952106599888
2202.6871704 0.13770003004985343
2202.3267564 0.1536239261412905
2198.7351885 0.8680387825334477
2198.5170098999997 0.7356699764099011
2195.2223841 0.6763741375040091
2194.8893589 0.6527383861398063
2192.6005425 1.0
2189.1179538 0.6443286673455275
2188.931817 0.5811768938382345
2185.5104265 0.09378568203332222
2184.775749 0.08095194163279411
615.4382124 0.08034981564485694
613.2360153000001 0.12292954248862765
611.0362185 0.07780243040247986
1.3868018178000001 0.11790452863711116
