5400.79463 0.0060838325310543125
5356.155435 3.284784851531524
5311.356485 0.0059648203044101325
4514.1438335 0.08696099139563065
4449.451337500001 0.029441537868117353
4422.3578720000005 0.07829182199414343
4420.239195 0.022624172977391104
4355.589058 0.0220467451782723
4353.6160355 0.08212062493998545
4347.7955205 9.529523997832552
4341.7848315 0.10669081908543912
4339.6145485 0.027359039390150282
4336.0060965 0.062012696071545415
4323.4264324999995 0.012953828615283583
4319.6905405 0.060770050004274045
4313.8623695 8.768672306191839
4307.6951185 0.05789011819154757
4302.091527 0.0051481984671411215
4293.452246 0.050748018499626464
4284.741923500001 0.006133780431959142
4244.0266205 0.03179468404877179
4221.8601690000005 0.009336422286826324
4210.6834690000005 0.00698897887985213
4204.8206390000005 0.027042159190260113
4147.463593 0.4324427212152493
4111.796399 0.010145377926984653
4093.0468610000003 0.43942073827923417
4043.3331785 0.004193084059910228
3679.881167 0.18805467462370956
3291.0578495 0.004994756521050555
3173.8120125 0.020584448715901843
3136.21668 0.04381926861454863
3110.7113704999997 0.01075231748889683
3091.372462 3.501507913055979
3090.1518355 3.8437137037602187
3055.198859 0.005942608160135396
3029.842168 0.1734016919729762
3028.5802905 0.18654625063473262
3014.0617939999997 0.006115249473282749
3005.5383615 0.0268513622485221
2995.2182230000003 0.031754339635030875
2943.836144 0.010474400975398528
2938.3584695 0.023545352878336086
2934.2475480000003 0.01309634244717909
2897.330877 0.02337339286208194
2891.4299185 0.02833532992599668
2885.5381549999997 0.009591300420111467
2877.8706895 0.005171062358967885
2863.1499935 1.5100114113784417
2861.868863 1.8871031629114652
2857.2106934999997 1.5973389838856382
2855.990308 1.749523718817617
2852.298834 0.05424314478089011
2779.7177844999997 0.009282499973084666
2773.6714625 0.009636750546028165
2575.1198255 0.00735479327036962
2554.30855 0.010379400980763986
2494.5301350000004 0.7254278595833197
2492.1371765 0.7087266982020192
2488.6541785 0.634283844755556
2486.213407 0.59605001539807
2484.6879245 0.7582076738586417
2482.1976050000003 0.6497837631955186
2478.79214 0.6954150634059338
2476.473156 0.7418279879561367
2471.336766 0.019636823365638358
2470.0315345 0.03422344557088631
2467.4922404999998 0.03087040117468314
2464.016736 0.03417033692194589
2461.7031735 0.03618319015845812
2410.3415259999997 0.006071372959751815
2285.3114315 0.011433865719935285
2085.4813345 0.006213546871215859
2051.6146430000003 0.4153917589981301
2046.8930699999999 0.49486061656709585
2042.6031645 0.638497938412358
2037.8949209999998 0.6457078878766496
2031.433395 0.38693997664695295
2026.5856004999998 0.44930545518696374
2022.4632374999999 0.6684751780796412
2017.6076385 0.6920486707198594
2009.3819110000002 0.016808213042998153
2004.1977965 0.5906098298196104
2001.98116 0.6708360391745649
1995.3029 0.32384349504030585
1993.713456 1.0819698015836254
1991.7612545000002 0.9449860541398488
1984.794128 0.6769254854999803
1982.7236005 0.6333041198395964
1977.2626725 0.06640707692934934
1969.0304505 0.039338064462091295
1966.996622 0.04331563288959832
1962.4048364999999 0.012205883924978147
1951.8143779999998 0.9294191279612436
1947.1075385000001 0.8314661073599439
1941.7677465000002 1.4660698887401087
1937.0397914999999 1.3145321642505374
1931.587289 0.6686701349667175
1926.8416135 0.5899504449293842
1921.468612 0.06800521709181094
1916.8992235 0.06601896224347699
1911.372914 0.03175604714373886
1906.6826945 0.026986558140416565
1865.046212 0.006796971936579901
1715.454666 0.028042103508794523
1676.8020255000001 0.1771522529599732
1667.3339395 100.0
1655.3774105 0.6212200889537871
1581.593925 0.006114338457684228
1469.751818 0.054609337552753746
1343.565204 0.012070026268711464
1337.07692 0.03510259516711692
1329.0848405 0.015067539737447818
1321.3551495 0.028218406949690675
1319.5087325 0.07959930947477013
1317.5719735 0.12475103278660582
1315.710865 0.08221263418020812
1313.8802865 0.031179640695576563
1280.7103749999999 3.1257592826443137
1273.4550065 6.435438997545444
1269.814916 6.764427254352315
1266.1538615000002 3.5471147988679617
1262.8215785 0.10053728429250115
1261.0516935 0.2317908652543916
1259.179656 0.17991515965155402
1253.8961445 4.994060747374406
1252.0202385 14.467205171560767
1250.115128 20.671037250031873
1248.284549 14.534787304406635
1246.4539705 5.985535745600482
1228.4944045 0.16569006713502435
1225.1301475 0.022986008989268444
1221.1724450000002 0.34168454313764224
1216.1338525 0.04303391497195532
1212.4806534999998 1.5678763976103227
1209.7167955000002 1.7328458022777264
1205.113401 3.470025957544149
1202.5200810000001 3.4396490886501616
1199.9267614999999 0.1207361225832598
1197.6385380000002 1.9757098051274946
1195.2486529999999 1.6212337423696987
1190.017159 0.06233378134536063
1186.4209715 0.2970348176698068
1184.366234 0.021971026634053818
1182.5362635000001 0.07483019685388434
1180.751361 0.11841263167486163
1179.073372 0.2368772649841281
1176.891979 0.021884091631532047
1147.245473 0.007395551231511242
1139.892414 0.016450872865663234
1132.5142640000001 0.012140900346830326
1107.1774395 0.02845578625349924
1092.327265 0.010936935237163978
1077.0069845 0.21142158106575468
1069.772409 0.43770765155541774
1062.4808095 0.22875935396571592
1041.8318895 0.010271588061611313
1036.3950625 0.004853258449846146
1005.8854175 0.010305185889429944
955.5445025 0.010613481114828061
950.229832 0.013147977337344085
931.730777 0.010309539581451853
887.202897 0.01087531575991613
880.01082 0.0213781482656209
872.694737 0.0236864128695607
865.181096 0.022327046570544424
857.736383 0.0275864837511055
850.333048 0.025557855094621933
842.965334 0.013668349082237822
831.6591435 0.4341301702524755
824.2979975 2.1522652283507306
816.969431 4.377372589429304
809.5803139999999 4.810430532855618
802.049037 4.590751147998691
794.573184 5.165020594711085
792.043352 0.26087670480723935
787.1358309999999 5.005265994522914
784.69022 0.24685162421982937
779.8089455 2.486979868522027
777.323301 0.10920091618531338
772.472658 0.5110990775544105
770.1379435 0.02975351258226781
766.583205 0.06130450010459482
759.2149350000001 0.2466832680038088
751.89262 0.48704445084272774
744.558409 0.48959652031234463
737.2479905 0.25139438817734894
729.745478 0.069529350478277
721.98527 0.023723663789666775
714.6667945 0.011013042796204065
666.6181614999999 0.005007283938353107
659.541314 0.004830795517578921
618.2528065 0.02895656576485511
580.2758655 0.01039806930462252
573.186192 0.03436971805308888
568.8287375 0.019714353080682676
566.2388954999999 0.007037135515507663
561.8861565 0.018567866552423522
550.6815095000001 0.0069660440810209185
543.2258129999999 0.014448589476376224
537.1644165 0.04080485297276863
529.7824025 0.07882752430834868
527.6467275 0.03541688778125612
522.3550074999999 0.03238388076250292
520.3234445 0.06634725671855739
512.8495495 0.02976098282498539
495.01354404999995 0.008686812194218163
485.31753265 0.009989531218815692
475.4926226 6.5037617946225605
468.13993995 13.085507406170354
465.8646956 6.816326980557248
463.42392394999996 0.4243181749582557
460.75153645 5.760617652868488
458.49485649999997 13.597414300462491
456.049916 0.5855758073689561
451.08045425 6.2644791209768
448.52491935 0.22057332773476607
445.00690885 0.05939662862821931
440.7515631 0.7297019351454431
433.40219765 1.3340639331380446
432.14123455 0.20617884029303968
425.95392534999996 0.6342589921560406
412.01517165 0.03285122500221662
404.67490365 0.06904463724494975
402.25208514999997 0.0350466370557741
397.33738159999996 0.030192329318956365
394.9297703 0.06952930704792819
387.45845135 0.033979802552858485
370.0644094 0.005548315409702845
56.7303522 0.0177172694734286
32.47255273 0.0139262785343915
7.825362185 0.006324212347183276
4.7316229775 0.006220467608660937
1.7070712565 0.07759739200009197
-1.561203329 3.700547304425654
-4.92157896 0.07611186476941505
-31.990699550000002 0.013861231394814578
-61.50220025 0.015535254805524562
